[gd_scene load_steps=3 format=2]

[ext_resource path="res://Assets/NPCs/HumanNPC.gd" type="Script" id=1]

[sub_resource type="CapsuleShape" id=1]
radius = 0.5
height = 0.8

[node name="NPC" type="KinematicBody"]
collision_layer = 3
collision_mask = 3
script = ExtResource( 1 )

[node name="CollisionShape" type="CollisionShape" parent="."]
transform = Transform( 1, 0, 0, 0, -4.37114e-08, -1, 0, 1, -4.37114e-08, 0, 0.911333, 0 )
shape = SubResource( 1 )

[node name="Skeleton" type="Skeleton" parent="."]
bones/0/name = "Hips"
bones/0/parent = -1
bones/0/rest = Transform( 1, 1.37895e-09, 1.9563e-09, 1.37895e-09, 0.336138, -0.941813, -1.9563e-09, 0.941813, 0.336138, 9.31323e-11, 0.914622, 0.00285749 )
bones/0/enabled = true
bones/0/bound_children = [  ]
bones/1/name = "LHipJoint"
bones/1/parent = 0
bones/1/rest = Transform( 0.0927987, 0.0248449, -0.995375, 0.945808, 0.310236, 0.0959212, 0.311185, -0.950335, 0.00529098, 0, -2.79397e-09, -2.12458e-08 )
bones/1/enabled = true
bones/1/bound_children = [  ]
bones/2/name = "LeftUpLeg"
bones/2/parent = 1
bones/2/rest = Transform( 0.179746, -0.981503, -0.0659, 0.11512, -0.045543, 0.992307, -0.976954, -0.18595, 0.104804, 9.31323e-09, 1.12908e-07, -0.116506 )
bones/2/enabled = true
bones/2/bound_children = [  ]
bones/3/name = "LeftLeg"
bones/3/parent = 2
bones/3/rest = Transform( 0.999514, 0.0262396, -0.0168401, -0.0279686, 0.993276, -0.112339, 0.0137791, 0.112756, 0.993527, 1.58325e-08, -7.45058e-09, -0.417438 )
bones/3/enabled = true
bones/3/bound_children = [  ]
bones/4/name = "LeftFoot"
bones/4/parent = 3
bones/4/rest = Transform( 0.869411, 0.462672, -0.173375, 0.0105242, 0.333477, 0.942699, 0.493977, -0.821418, 0.285059, -2.75904e-08, 2.28174e-08, -0.428563 )
bones/4/enabled = true
bones/4/bound_children = [  ]
bones/5/name = "LeftToeBase"
bones/5/parent = 4
bones/5/rest = Transform( 0.964461, -0.259411, -0.0502152, 0.264187, 0.943455, 0.200246, -0.00457012, -0.206395, 0.978458, -2.32831e-08, 3.1665e-08, -0.148527 )
bones/5/enabled = true
bones/5/bound_children = [  ]
bones/6/name = "LowerBack"
bones/6/parent = 0
bones/6/rest = Transform( 1, -3.29189e-09, -2.70638e-09, 2.18423e-09, 0.941223, -0.337786, 3.65926e-09, 0.337786, 0.941223, 0, 0, -0.0952127 )
bones/6/enabled = true
bones/6/bound_children = [  ]
bones/7/name = "Spine"
bones/7/parent = 6
bones/7/rest = Transform( 1, 1.68186e-09, 2.20248e-09, -2.01074e-09, 0.987272, 0.159039, -1.90697e-09, -0.159039, 0.987272, 0, 2.79397e-09, -0.139959 )
bones/7/enabled = true
bones/7/bound_children = [  ]
bones/8/name = "Spine1"
bones/8/parent = 7
bones/8/rest = Transform( 1, -8.13127e-10, -3.603e-10, 5.77304e-10, 0.901628, -0.432513, 6.76544e-10, 0.432513, 0.901628, 0, 3.35276e-08, -0.137659 )
bones/8/enabled = true
bones/8/bound_children = [  ]
bones/9/name = "LeftShoulder"
bones/9/parent = 8
bones/9/rest = Transform( 0.0646938, 0.179572, -0.981615, 0.88959, -0.456086, -0.0248054, -0.452155, -0.87163, -0.189251, 0.0227642, 0.0317844, -0.148625 )
bones/9/enabled = true
bones/9/bound_children = [  ]
bones/10/name = "LeftArm"
bones/10/parent = 9
bones/10/rest = Transform( 0.773237, -0.626062, 0.100747, 0.452081, 0.655673, 0.604744, -0.444665, -0.422065, 0.790022, -3.53903e-08, 2.04658e-07, -0.151879 )
bones/10/enabled = true
bones/10/bound_children = [  ]
bones/11/name = "LeftForeArm"
bones/11/parent = 10
bones/11/rest = Transform( 0.817068, 0.249213, -0.519898, 0.0618523, 0.858657, 0.508805, 0.573215, -0.447885, 0.686166, -3.72529e-08, 4.37722e-08, -0.255131 )
bones/11/enabled = true
bones/11/bound_children = [  ]
bones/12/name = "LeftHand"
bones/12/parent = 11
bones/12/rest = Transform( 0.960713, -0.26959, -0.0659708, 0.277289, 0.94253, 0.18641, 0.011925, -0.19738, 0.980255, -3.72529e-09, 0, -0.275693 )
bones/12/enabled = true
bones/12/bound_children = [  ]
bones/13/name = "LThumb"
bones/13/parent = 12
bones/13/rest = Transform( -0.877427, 0.422986, 0.226284, -0.0215294, -0.505957, 0.86229, 0.479226, 0.751725, 0.453048, 0.0108669, -0.0187814, -0.0424478 )
bones/13/enabled = true
bones/13/bound_children = [  ]
bones/14/name = "LeftFingerBase"
bones/14/parent = 12
bones/14/rest = Transform( 0.992043, 0.0102826, -0.125476, 0.0109999, 0.985768, 0.167751, 0.125415, -0.167796, 0.977812, 8.19564e-08, 0, -0.0347748 )
bones/14/enabled = true
bones/14/bound_children = [  ]
bones/15/name = "LeftHandFinger1"
bones/15/parent = 14
bones/15/rest = Transform( 0.684103, -0.671361, 0.285094, 0.701068, 0.713088, -0.00302619, -0.201265, 0.20194, 0.958495, -5.21541e-08, -9.68575e-08, -0.0787491 )
bones/15/enabled = true
bones/15/bound_children = [  ]
bones/16/name = "Neck"
bones/16/parent = 8
bones/16/rest = Transform( 1, 0, 0, 0, 0.997596, -0.0693009, 0, 0.0693008, 0.997596, 0, 1.02445e-08, -0.21713 )
bones/16/enabled = true
bones/16/bound_children = [  ]
bones/17/name = "Neck1"
bones/17/parent = 16
bones/17/rest = Transform( 1, 0, 0, 0, 1, -9.83477e-07, 0, 9.83477e-07, 1, -1.11419e-15, 8.3819e-08, -0.0519504 )
bones/17/enabled = true
bones/17/bound_children = [  ]
bones/18/name = "Head"
bones/18/parent = 17
bones/18/rest = Transform( 1, -2.84966e-10, -2.98199e-10, 3.79253e-10, 0.91948, 0.393136, 1.62157e-10, -0.393136, 0.91948, 0, 1.11759e-08, -0.0519503 )
bones/18/enabled = true
bones/18/bound_children = [  ]
bones/19/name = "RightShoulder"
bones/19/parent = 8
bones/19/rest = Transform( 0.0646938, -0.179572, 0.981615, -0.88959, -0.456086, -0.0248054, 0.452155, -0.87163, -0.189251, -0.0227642, 0.0317844, -0.148625 )
bones/19/enabled = true
bones/19/bound_children = [  ]
bones/20/name = "RightArm"
bones/20/parent = 19
bones/20/rest = Transform( 0.773238, 0.626062, -0.100747, -0.452081, 0.655673, 0.604744, 0.444664, -0.422065, 0.790022, 3.91155e-08, 2.05357e-07, -0.151879 )
bones/20/enabled = true
bones/20/bound_children = [  ]
bones/21/name = "RightForeArm"
bones/21/parent = 20
bones/21/rest = Transform( 0.817068, -0.249213, 0.519897, -0.0618531, 0.858657, 0.508805, -0.573214, -0.447886, 0.686166, -2.70084e-08, -5.86733e-08, -0.255131 )
bones/21/enabled = true
bones/21/bound_children = [  ]
bones/22/name = "RightHand"
bones/22/parent = 21
bones/22/rest = Transform( 0.960714, 0.269584, 0.0659749, -0.277283, 0.942532, 0.186409, -0.0119306, -0.197379, 0.980255, -1.3411e-07, 5.96046e-08, -0.275693 )
bones/22/enabled = true
bones/22/bound_children = [  ]
bones/23/name = "RThumb"
bones/23/parent = 22
bones/23/rest = Transform( -0.877426, -0.422991, -0.22628, 0.0215349, -0.505955, 0.862291, -0.479229, 0.751723, 0.453047, -0.0108671, -0.0187815, -0.0424479 )
bones/23/enabled = true
bones/23/bound_children = [  ]
bones/24/name = "RightFingerBase"
bones/24/parent = 22
bones/24/rest = Transform( 0.992044, -0.0102749, 0.125472, -0.0110069, 0.985768, 0.16775, -0.12541, -0.167796, 0.977812, -2.01166e-07, -1.63913e-07, -0.034775 )
bones/24/enabled = true
bones/24/bound_children = [  ]
bones/25/name = "RightHandFinger1"
bones/25/parent = 24
bones/25/rest = Transform( 0.684108, 0.671356, -0.285092, -0.701063, 0.713093, -0.00302906, 0.201264, 0.20194, 0.958495, 2.23517e-08, -7.45058e-09, -0.078749 )
bones/25/enabled = true
bones/25/bound_children = [  ]
bones/26/name = "RHipJoint"
bones/26/parent = 0
bones/26/rest = Transform( 0.0927987, -0.0248449, 0.995375, -0.945808, 0.310236, 0.0959212, -0.311185, -0.950335, 0.00529099, 0, -2.79397e-09, -2.12458e-08 )
bones/26/enabled = true
bones/26/bound_children = [  ]
bones/27/name = "RightUpLeg"
bones/27/parent = 26
bones/27/rest = Transform( 0.179746, 0.981503, 0.0659, -0.11512, -0.045543, 0.992307, 0.976954, -0.18595, 0.104804, -9.31323e-09, 1.1173e-07, -0.116506 )
bones/27/enabled = true
bones/27/bound_children = [  ]
bones/28/name = "RightLeg"
bones/28/parent = 27
bones/28/rest = Transform( 0.999514, -0.0262397, 0.0168401, 0.0279687, 0.993276, -0.112339, -0.0137791, 0.112756, 0.993527, 6.98492e-09, -3.72529e-09, -0.417438 )
bones/28/enabled = true
bones/28/bound_children = [  ]
bones/29/name = "RightFoot"
bones/29/parent = 28
bones/29/rest = Transform( 0.869411, -0.462672, 0.173375, -0.0105243, 0.333477, 0.942699, -0.493977, -0.821418, 0.285059, 1.00117e-08, 2.14204e-08, -0.428563 )
bones/29/enabled = true
bones/29/bound_children = [  ]
bones/30/name = "RightToeBase"
bones/30/parent = 29
bones/30/rest = Transform( 0.964461, 0.259411, 0.0502152, -0.264187, 0.943455, 0.200246, 0.00457012, -0.206395, 0.978458, 4.28408e-08, 3.91155e-08, -0.148527 )
bones/30/enabled = true
bones/30/bound_children = [  ]

[node name="eyes" type="MeshInstance" parent="Skeleton"]

[node name="skin" type="MeshInstance" parent="Skeleton"]

[node name="clothes" type="MeshInstance" parent="Skeleton"]

[node name="shoes" type="MeshInstance" parent="Skeleton"]

[node name="hair" type="MeshInstance" parent="Skeleton"]
