[gd_scene load_steps=8 format=2]

[ext_resource path="res://Asset Production/Placeholders/animations/AWM_sit_idle.anim" type="Animation" id=1]
[ext_resource path="res://Asset Production/Placeholders/animations/AWM_walk_cycle.anim" type="Animation" id=2]
[ext_resource path="res://Asset Production/Placeholders/animations/AWM_sit_down.anim" type="Animation" id=3]
[ext_resource path="res://Asset Production/Placeholders/animations/AWM_idle.anim" type="Animation" id=4]

[sub_resource type="AnimationNodeAnimation" id=1]
animation = "idle"

[sub_resource type="AnimationNodeAnimation" id=2]
animation = "walk_cycle"

[sub_resource type="AnimationNodeBlendSpace1D" id=3]
blend_point_0/node = SubResource( 1 )
blend_point_0/pos = 0.0
blend_point_1/node = SubResource( 2 )
blend_point_1/pos = 1.0
min_space = 0.0

[node name="average_white_male" type="Skeleton"]
bones/0/name = "Root"
bones/0/parent = -1
bones/0/rest = Transform( -1, 0, 0, 0, 1, 0, 0, 0, -1, 0, 0.0252901, 9.53674e-08 )
bones/0/enabled = true
bones/0/bound_children = [  ]
bones/1/name = "pelvis"
bones/1/parent = 0
bones/1/rest = Transform( -1, -1.50996e-07, 0, -5.08402e-08, 0.336699, -0.941612, 1.4218e-07, -0.941612, -0.336699, -4.65661e-11, 0.884321, -0.00645745 )
bones/1/enabled = true
bones/1/bound_children = [  ]
bones/2/name = "spine_01"
bones/2/parent = 1
bones/2/rest = Transform( 1, -1.37224e-07, 6.55447e-08, 1.52051e-07, 0.894773, -0.446522, 2.62587e-09, 0.446522, 0.894773, 4.04191e-15, -3.1665e-08, -0.0939842 )
bones/2/enabled = true
bones/2/bound_children = [  ]
bones/3/name = "spine_02"
bones/3/parent = 2
bones/3/rest = Transform( 1, 6.4899e-09, 8.27163e-09, -8.54519e-09, 0.960054, 0.279816, -6.12523e-09, -0.279816, 0.960054, 0, 2.98023e-08, -0.0743796 )
bones/3/enabled = true
bones/3/bound_children = [  ]
bones/4/name = "spine_03"
bones/4/parent = 3
bones/4/rest = Transform( 1, -6.17615e-09, -7.26314e-09, 6.1652e-09, 0.999999, -0.00150633, 7.27243e-09, 0.00150633, 0.999999, 0, -9.31323e-09, -0.0633976 )
bones/4/enabled = true
bones/4/bound_children = [  ]
bones/5/name = "clavicle_l"
bones/5/parent = 4
bones/5/rest = Transform( 0.0691628, 0.171235, -0.9828, 0.997557, -0.0215928, 0.0664393, -0.00984465, -0.984994, -0.17231, 0.0227572, 0.0947313, -0.252189 )
bones/5/enabled = true
bones/5/bound_children = [  ]
bones/6/name = "upperarm_l"
bones/6/parent = 5
bones/6/rest = Transform( 0.774302, -0.62695, 0.0859667, 0.455617, 0.646594, 0.611825, -0.439169, -0.43457, 0.786308, 3.44589e-08, 2.92668e-07, -0.155562 )
bones/6/enabled = true
bones/6/bound_children = [  ]
bones/7/name = "lowerarm_l"
bones/7/parent = 6
bones/7/rest = Transform( 0.818115, 0.249566, -0.518078, 0.0530242, 0.864343, 0.500099, 0.572605, -0.436609, 0.6939, -5.58794e-09, -9.31323e-10, -0.250864 )
bones/7/enabled = true
bones/7/bound_children = [  ]
bones/8/name = "hand_l"
bones/8/parent = 7
bones/8/rest = Transform( 0.974426, -0.207806, -0.0855047, 0.220087, 0.959373, 0.176539, 0.0453449, -0.190842, 0.980573, 1.22935e-07, 2.98023e-08, -0.261225 )
bones/8/enabled = true
bones/8/bound_children = [  ]
bones/9/name = "index_01_l"
bones/9/parent = 8
bones/9/rest = Transform( 0.631603, -0.754256, 0.179377, 0.730369, 0.656474, 0.188687, -0.260075, 0.0118365, 0.965516, 0.0094438, -0.0135033, -0.11168 )
bones/9/enabled = true
bones/9/bound_children = [  ]
bones/10/name = "index_02_l"
bones/10/parent = 9
bones/10/rest = Transform( 0.886371, -0.421586, 0.19134, 0.442008, 0.893543, -0.0788015, -0.137749, 0.154421, 0.978355, -2.23517e-08, 1.49012e-08, -0.027465 )
bones/10/enabled = true
bones/10/bound_children = [  ]
bones/11/name = "index_03_l"
bones/11/parent = 10
bones/11/rest = Transform( 0.964514, -0.242568, 0.104272, 0.250919, 0.965014, -0.0760822, -0.0821686, 0.0995461, 0.991634, 1.58325e-08, -6.70552e-08, -0.0247694 )
bones/11/enabled = true
bones/11/bound_children = [  ]
bones/12/name = "middle_01_l"
bones/12/parent = 8
bones/12/rest = Transform( 0.675349, -0.621001, 0.39782, 0.671492, 0.740828, 0.016498, -0.304962, 0.255991, 0.917315, -0.00296033, 0.0114113, -0.108154 )
bones/12/enabled = true
bones/12/bound_children = [  ]
bones/13/name = "middle_02_l"
bones/13/parent = 12
bones/13/rest = Transform( 0.96722, -0.234342, 0.0978249, 0.229743, 0.971636, 0.0560462, -0.108184, -0.0317345, 0.993624, -5.21541e-08, 7.45058e-08, -0.0361674 )
bones/13/enabled = true
bones/13/bound_children = [  ]
bones/14/name = "middle_03_l"
bones/14/parent = 13
bones/14/rest = Transform( 0.972718, -0.202272, 0.113605, 0.210625, 0.975269, -0.0669795, -0.0972474, 0.0890803, 0.991266, -3.53903e-08, 2.98023e-08, -0.0288525 )
bones/14/enabled = true
bones/14/bound_children = [  ]
bones/15/name = "pinky_01_l"
bones/15/parent = 8
bones/15/rest = Transform( 0.696357, -0.431822, 0.573251, 0.617727, 0.767258, -0.172418, -0.365378, 0.474177, 0.801034, -0.0313429, 0.0378792, -0.0878485 )
bones/15/enabled = true
bones/15/bound_children = [  ]
bones/16/name = "pinky_02_l"
bones/16/parent = 15
bones/16/rest = Transform( 0.959632, -0.242752, 0.142051, 0.234433, 0.969396, 0.072889, -0.155398, -0.0366451, 0.987172, -1.49012e-08, 1.49012e-08, -0.0223945 )
bones/16/enabled = true
bones/16/bound_children = [  ]
bones/17/name = "pinky_03_l"
bones/17/parent = 16
bones/17/rest = Transform( 0.99966, -0.0194136, 0.0174234, 0.0199405, 0.999333, -0.0305914, -0.0168179, 0.0309284, 0.99938, -1.49012e-08, 5.96046e-08, -0.0165661 )
bones/17/enabled = true
bones/17/bound_children = [  ]
bones/18/name = "ring_01_l"
bones/18/parent = 8
bones/18/rest = Transform( 0.754085, -0.451461, 0.47701, 0.568346, 0.812542, -0.129454, -0.329147, 0.368727, 0.869312, -0.0150128, 0.0271032, -0.0997039 )
bones/18/enabled = true
bones/18/bound_children = [  ]
bones/19/name = "ring_02_l"
bones/19/parent = 18
bones/19/rest = Transform( 0.977362, -0.196004, 0.0796572, 0.188459, 0.977643, 0.0932641, -0.0961564, -0.0761407, 0.99245, -2.98023e-08, -5.96046e-08, -0.031714 )
bones/19/enabled = true
bones/19/bound_children = [  ]
bones/20/name = "ring_03_l"
bones/20/parent = 19
bones/20/rest = Transform( 0.975217, -0.17808, 0.131296, 0.18972, 0.978396, -0.0821434, -0.113832, 0.105017, 0.987934, 2.98023e-08, 7.45058e-08, -0.0262613 )
bones/20/enabled = true
bones/20/bound_children = [  ]
bones/21/name = "thumb_01_l"
bones/21/parent = 8
bones/21/rest = Transform( -0.86355, 0.470263, 0.182027, -0.0647198, -0.461351, 0.884855, 0.500093, 0.752335, 0.428835, 0.0121328, -0.0180122, -0.0426348 )
bones/21/enabled = true
bones/21/bound_children = [  ]
bones/22/name = "thumb_02_l"
bones/22/parent = 21
bones/22/rest = Transform( 0.750622, 0.60797, 0.258728, -0.660725, 0.688801, 0.298321, 0.00315805, -0.394874, 0.91873, -2.98023e-08, -1.49012e-08, -0.0329195 )
bones/22/enabled = true
bones/22/bound_children = [  ]
bones/23/name = "thumb_03_l"
bones/23/parent = 22
bones/23/rest = Transform( 0.533126, 0.790797, -0.300695, -0.792135, 0.591401, 0.150886, 0.297151, 0.15775, 0.941709, -1.34576e-07, 5.96046e-08, -0.0387108 )
bones/23/enabled = true
bones/23/bound_children = [  ]
bones/24/name = "clavicle_r"
bones/24/parent = 4
bones/24/rest = Transform( 0.0691628, -0.171235, 0.9828, -0.997557, -0.0215928, 0.0664393, 0.00984469, -0.984994, -0.17231, -0.0227572, 0.0947313, -0.252189 )
bones/24/enabled = true
bones/24/bound_children = [  ]
bones/25/name = "upperarm_r"
bones/25/parent = 24
bones/25/rest = Transform( 0.774303, 0.626949, -0.0859667, -0.455616, 0.646594, 0.611825, 0.439169, -0.43457, 0.786308, -3.72529e-08, 2.91038e-07, -0.155562 )
bones/25/enabled = true
bones/25/bound_children = [  ]
bones/26/name = "lowerarm_r"
bones/26/parent = 25
bones/26/rest = Transform( 0.818115, -0.249565, 0.518078, -0.0530248, 0.864344, 0.500099, -0.572605, -0.436609, 0.693899, -1.11759e-08, -1.95578e-08, -0.250864 )
bones/26/enabled = true
bones/26/bound_children = [  ]
bones/27/name = "hand_r"
bones/27/parent = 26
bones/27/rest = Transform( 0.974427, 0.2078, 0.0855046, -0.220081, 0.959374, 0.176538, -0.045346, -0.190842, 0.980573, 4.84288e-08, 0, -0.261225 )
bones/27/enabled = true
bones/27/bound_children = [  ]
bones/28/name = "index_01_r"
bones/28/parent = 27
bones/28/rest = Transform( 0.631598, 0.75426, -0.179376, -0.730373, 0.656469, 0.188688, 0.260075, 0.0118362, 0.965516, -0.00944382, -0.0135032, -0.11168 )
bones/28/enabled = true
bones/28/bound_children = [  ]
bones/29/name = "index_02_r"
bones/29/parent = 28
bones/29/rest = Transform( 0.886371, 0.421587, -0.19134, -0.442009, 0.893543, -0.0788006, 0.137749, 0.15442, 0.978356, 6.70552e-08, -1.49012e-08, -0.0274649 )
bones/29/enabled = true
bones/29/bound_children = [  ]
bones/30/name = "index_03_r"
bones/30/parent = 29
bones/30/rest = Transform( 0.964515, 0.242568, -0.104272, -0.250919, 0.965014, -0.0760841, 0.0821681, 0.0995479, 0.991634, 2.04891e-08, -3.72529e-08, -0.0247695 )
bones/30/enabled = true
bones/30/bound_children = [  ]
bones/31/name = "middle_01_r"
bones/31/parent = 27
bones/31/rest = Transform( 0.675346, 0.621005, -0.397821, -0.671496, 0.740825, 0.0165003, 0.304962, 0.255991, 0.917315, 0.0029606, 0.0114113, -0.108154 )
bones/31/enabled = true
bones/31/bound_children = [  ]
bones/32/name = "middle_02_r"
bones/32/parent = 31
bones/32/rest = Transform( 0.967219, 0.234343, -0.0978245, -0.229745, 0.971636, 0.0560469, 0.108184, -0.031735, 0.993624, -7.45058e-09, 2.98023e-08, -0.0361675 )
bones/32/enabled = true
bones/32/bound_children = [  ]
bones/33/name = "middle_03_r"
bones/33/parent = 32
bones/33/rest = Transform( 0.972718, 0.202272, -0.113605, -0.210626, 0.97527, -0.0669788, 0.0972474, 0.0890796, 0.991266, -4.65661e-08, 2.23517e-08, -0.0288524 )
bones/33/enabled = true
bones/33/bound_children = [  ]
bones/34/name = "pinky_01_r"
bones/34/parent = 27
bones/34/rest = Transform( 0.696356, 0.431825, -0.57325, -0.617728, 0.767258, -0.172416, 0.365377, 0.474176, 0.801035, 0.0313432, 0.037879, -0.0878485 )
bones/34/enabled = true
bones/34/bound_children = [  ]
bones/35/name = "pinky_02_r"
bones/35/parent = 34
bones/35/rest = Transform( 0.959629, 0.242759, -0.142057, -0.234439, 0.969394, 0.0728893, 0.155404, -0.0366429, 0.987171, -9.68575e-08, 1.49012e-08, -0.0223947 )
bones/35/enabled = true
bones/35/bound_children = [  ]
bones/36/name = "pinky_03_r"
bones/36/parent = 35
bones/36/rest = Transform( 0.99966, 0.0194107, -0.0174196, -0.0199374, 0.999333, -0.0305905, 0.0168142, 0.0309274, 0.99938, 1.11759e-08, -2.23517e-08, -0.0165661 )
bones/36/enabled = true
bones/36/bound_children = [  ]
bones/37/name = "ring_01_r"
bones/37/parent = 27
bones/37/rest = Transform( 0.754082, 0.451465, -0.477011, -0.568351, 0.812539, -0.129452, 0.329147, 0.368727, 0.869312, 0.0150129, 0.0271031, -0.0997038 )
bones/37/enabled = true
bones/37/bound_children = [  ]
bones/38/name = "ring_02_r"
bones/38/parent = 37
bones/38/rest = Transform( 0.977363, 0.196002, -0.0796565, -0.188457, 0.977643, 0.0932656, 0.0961559, -0.0761425, 0.99245, 1.49012e-08, -1.49012e-08, -0.0317141 )
bones/38/enabled = true
bones/38/bound_children = [  ]
bones/39/name = "ring_03_r"
bones/39/parent = 38
bones/39/rest = Transform( 0.975217, 0.178081, -0.131297, -0.189721, 0.978396, -0.0821441, 0.113832, 0.105018, 0.987934, 2.6077e-08, 4.47035e-08, -0.0262613 )
bones/39/enabled = true
bones/39/bound_children = [  ]
bones/40/name = "thumb_01_r"
bones/40/parent = 27
bones/40/rest = Transform( -0.863549, -0.470267, -0.182022, 0.0647255, -0.461348, 0.884855, -0.500093, 0.752335, 0.428835, -0.0121328, -0.0180121, -0.0426347 )
bones/40/enabled = true
bones/40/bound_children = [  ]
bones/41/name = "thumb_02_r"
bones/41/parent = 40
bones/41/rest = Transform( 0.750622, -0.60797, -0.258728, 0.660725, 0.688801, 0.29832, -0.00315759, -0.394874, 0.91873, 8.9407e-08, 4.47035e-08, -0.0329195 )
bones/41/enabled = true
bones/41/bound_children = [  ]
bones/42/name = "thumb_03_r"
bones/42/parent = 41
bones/42/rest = Transform( 0.533125, -0.790797, 0.300695, 0.792135, 0.591401, 0.150886, -0.297151, 0.15775, 0.941709, 2.23517e-08, -1.49012e-08, -0.0387108 )
bones/42/enabled = true
bones/42/bound_children = [  ]
bones/43/name = "neck_01"
bones/43/parent = 4
bones/43/rest = Transform( 1, 1.6975e-09, 6.82857e-10, -1.18443e-09, 0.885026, -0.465541, -1.3946e-09, 0.465541, 0.885026, -1.57799e-10, 0.0957206, -0.328008 )
bones/43/enabled = true
bones/43/bound_children = [  ]
bones/44/name = "head"
bones/44/parent = 43
bones/44/rest = Transform( 1, -3.05153e-10, -3.05093e-10, 3.85903e-10, 0.948798, 0.315885, 1.93079e-10, -0.315885, 0.948798, 0, -2.98023e-08, -0.0998786 )
bones/44/enabled = true
bones/44/bound_children = [  ]
bones/45/name = "thigh_l"
bones/45/parent = 1
bones/45/rest = Transform( 0.990832, 0.0992895, -0.0916092, 0.119695, -0.95962, 0.254551, -0.0626362, -0.263183, -0.96271, 0.114733, -0.0121258, 0.00247709 )
bones/45/enabled = true
bones/45/bound_children = [  ]
bones/46/name = "calf_l"
bones/46/parent = 45
bones/46/rest = Transform( 0.999948, 0.0101733, 0.000799719, -0.0100121, 0.993213, -0.115883, -0.0019732, 0.115869, 0.993263, 9.31323e-10, -2.79397e-09, -0.403429 )
bones/46/enabled = true
bones/46/bound_children = [  ]
bones/47/name = "foot_l"
bones/47/parent = 46
bones/47/rest = Transform( 0.996881, -0.0360254, -0.0702184, 0.0788401, 0.414412, 0.906668, -0.0035637, -0.909376, 0.41596, 6.98492e-10, -6.98492e-10, -0.433889 )
bones/47/enabled = true
bones/47/bound_children = [  ]
bones/48/name = "ball_l"
bones/48/parent = 47
bones/48/rest = Transform( 0.438034, 0.89856, 0.0267794, -0.772881, 0.361219, 0.521705, 0.45911, -0.249222, 0.852705, -1.99652e-08, 3.72529e-09, -0.142476 )
bones/48/enabled = true
bones/48/bound_children = [  ]
bones/49/name = "thigh_r"
bones/49/parent = 1
bones/49/rest = Transform( 0.990833, -0.0992887, 0.0916092, -0.119694, -0.95962, 0.254551, 0.0626364, -0.263183, -0.96271, -0.114733, -0.0121258, 0.00247709 )
bones/49/enabled = true
bones/49/bound_children = [  ]
bones/50/name = "calf_r"
bones/50/parent = 49
bones/50/rest = Transform( 0.999948, -0.0101738, -0.000799682, 0.0100126, 0.993213, -0.115883, 0.00197322, 0.115869, 0.993263, 1.86265e-08, 0, -0.403429 )
bones/50/enabled = true
bones/50/bound_children = [  ]
bones/51/name = "foot_r"
bones/51/parent = 50
bones/51/rest = Transform( 0.996881, 0.0360252, 0.0702184, -0.07884, 0.414412, 0.906668, 0.00356355, -0.909376, 0.41596, 2.30502e-08, -9.31323e-10, -0.433889 )
bones/51/enabled = true
bones/51/bound_children = [  ]
bones/52/name = "ball_r"
bones/52/parent = 51
bones/52/rest = Transform( 0.438035, -0.898559, -0.0267793, 0.77288, 0.36122, 0.521705, -0.45911, -0.249222, 0.852706, 1.86265e-09, 8.3819e-09, -0.142476 )
bones/52/enabled = true
bones/52/bound_children = [  ]

[node name="AnimationPlayer" type="AnimationPlayer" parent="."]
anims/idle = ExtResource( 4 )
anims/sit_down = ExtResource( 3 )
anims/sit_idle = ExtResource( 1 )
anims/walk_cycle = ExtResource( 2 )

[node name="AnimationTree" type="AnimationTree" parent="."]
tree_root = SubResource( 3 )
anim_player = NodePath("../AnimationPlayer")
active = true
parameters/blend_position = 0
